‘23

333, 3 33]·33 33 je 33333 6333333333 33333333 333333333 J. Γ33-
qul-‚a 333333 3333333 33333333 ,133 namuh 333. 1866.

’ 1133333333 Δ3333333333333 333333 je 33333 33 6 33333333
3333333 333333333 333 173233, 333333 33333 33333333333
Β33. ,13333333333 33333, 333 33 333 333333 33333 3333333,
3333 33 3333 3 H. 033 33 33633333, 33 333 33 3333 333333. Πο-
333 3 333333, 3333 je 333333 333 33333 33333333 33 Μ33333331
3 033333333, 33333 1633333333 3 33333 333 3333333 333333
333]Ι 33333 33333333 3 3333 3333 3 363333333 3 33333333]-
333. To je 33333 6333 333333 333333 1748. 3 1850. Μ333 33
333 3333 ,33 33 333333 33333 Η333333 333333 33333333 33
300-400 333, 333333 33 3333333 3 3333333 33333 33333333.
Πο333 2 333333 333 y 13333 33 33333 33 333333 3333. Τ3 33
nabe 33 Έ33333 0333333 33 333333, 3333 33 je 33333 33 33-
3333 6333. Ona] 3333 33 33333 333 33333, 3313 je 33633 33333
33 3333 3 33 33 33 33 33333 33333333 333333, 3333 33 je 33
33333 333633. 'rad‘ 33333 33 je 3333333. 03333 333333333163333
3333333 33 333333 3 Φ3333, 1633333333 3 Π33ιι3 3 3333333
33333 333333 3333333, 336333 (333333 333333 3333 3333 33333
3 33333), 3333333, 333333, 3333333, 33333333, 3333333 3 3. 3.
Ρ33ιι3 ]’3 33333 3333 333333333 33 je 33 Φ333ι3333 3333333 33-
3333 313333 333633. Δ3333313 3333333 3333333333 3333 33 333333
3 3 3333 3333333. 3733333 33 333 333333 1633333333 3333333
33333333 ιι 6333333. Π3333 333333 3333333 33333333333 33
33 3333 33333 33 3333333 333336, 33333 3333333 33 1633333333
3 3333 33 3333333333 3 333333 je 3333333 33333, 33 je 3333-

· 33333 3333 333633, 33 3333333 33 Π333333333333333 3333333333,
33 joj 33333 3333333 ιι 3333 333333 333 3333363. ss 33 33 3333·
33 3333333. Τ333 je 3 3363 3333 3333333, noia 3 3333 33333
33333 33 33333333333 333333, 3 33 333333333 0363333333 33· ·
he 3 33333 33 3333 3 333333 33333 Η. Α. (333. Α333333333333).
033 je 3333 333333 3333 3 3333 Π3333 Ρ333333, 33333 33333
3333333 Β33333333333. stabiae je 333 3333333 163333333333 333-
3333333 Μ3333 Π3333333. 3333333 33 33333 03633 3333333 3
33333333 333 6333333333 6333 3 3333 33 3363333 3 3333 je 33333
333 33 8333 33333333.

, Ca 333333333333 3333 je 3333, 3333 33 33 3333 333333;
33 33 333333 3 3333333 3333333, 33333 je 33333 333333 33 33·
3333 333 6333. Tor 3333 3333333, Μ333 33333 333 1333333

 

