67

666666 6636 6366666 66 6666666, 6636 366366366636 6666, 666636
neh upormwano ·- 2 6666 66 666663. .

3666606666 nonecr: 63 36666666· (13666666 6 666666666
66666666 Α666363 6 6 67663666, 66366666 66666666666 666 666 66666,
uo 66666666 6663163166 66 66 63 666666 666666, 66666666, 63. 66666
666666 6 63663366 6366666 663666- -Β6366 y 6366633 366666666666
66663. 663666 - 2 6666 66 6633663.

63.·)Π666366 26666 66 666663. Η666 666. Η6366666636 6666
6 3366633636. Π66666 666666 63366 66 0666666 6666 666666 66636663
66366- Onera 4 6666 66 6633663

Mavemarnua: a) Ρ6636636. Η6366 6 36666666666 636666 663666

6366666 66 66666 6666666666 6 0 666666 ι666666 36666666666 633-
6666 6 6366666 663666 66666 666666 3 6666663636666 36636666 Y
666663 66 6666666 63663666 6 6613666 6366666 663666. 06666666
3 6366666 636366, 6336666666 36636, 36636 66666666 66663666.

6) Γ66666363666 6666663366 66366ι Μ613366666 66666663 636- 1
6666 6 paeana. Τ666666 3666. manne 63666 666666. Η63 36666-
66666636 6636636666 663663666666 66636666 6 63666666 6663666666.
- 3 6666 66 666663, 6666666666 36636666 6 6666663636.

Π3630666 flayue: 45666666 I. 6666366166 663666666666663
63636666 6 366666 6666666. Πο6666 66666666 666666 6633366666
66666666. Μ6666666666 36666666666. 36666666 6666666666.

Ma 66366 0 6666636366663 Ε666636666 66666, 36666666666
666663666666, 336636 6 66666 666666, 6666666666 6666666663 6666-
636666 6666. Ε666636666666 366666..66666 Η6366666636 663666 66
63666663666 6 66663666 6666636666666. 06336, 66366666 36366666).
866666 666666 noJJn3 633 6666666 6666666 6666 666 6636 66 366-
6366666633 66 6663 336636. Γ66666 366666 6666636666 663336, 6666666
6666 6666636666366636 6 6666666666366636. Η6363666636 6 66366-
6666636 666663666666666 36663666 (6. up. 6666636666 66666666, 666-
666666666666, Μ636666 6366366.)

ssa meaeaumce: 0666 6666666 666666 mpewaffia':passss1011pmfl0,
6366663666, 3633666666 6 3666666366 3636666 6366666. „Eae 63666
,66666666 6666666666 cnara: 3636666666 63666666 (666); 663666
6666666 3666666666) 66666666 636666666. 3666 66 6666336 366363-
6666 636 6366666 636666 6 66636 (6366666666 6666.) Tema, 3663,
6663666 6366666. (1666666666 6 3666666666 6666636666 63666663 66
666666636666ε 66666. 0666666666 6 3666666666 66666 66 663633666666
6666666666 6 66666663666 666666. Τ66666666, 63666 3666666666. · 1110-
666666. Η66ο666ο 6366636 366666666666 6 66666666666 6666666..

II. maja: Hapamepnequa 66636666 6666666666. Ρ66666.
(niveam, 663666666666 63666666. Ρ666666666 36666 66666666 666 6
336633, 6636 66 66 666633 6 666666 66 3 66636666 63666666.

6366663366 666663 663 3666666666636 666666 66 6333663666 ’666-
6666666 6666666 6636666 6 666666 6666. 6666663666 663666. [36366-
-6636666666 66636666 66663666666 6666. (Μ63636666 66666.) Τ636-
16666366 66636, 6636666633 6666 33666 36663666 3666666 6666366666

‘C

 

