·1 11111
-11111 wa o eqnnontud ’11 1111111 1 951 111111 „mesolsu mma ,q

· -— 111
·901 111 ·0 11 11111111· 111 ,ς 11111111111 1111111 11 1119111111111 3111 11
ι111111 11111111 119 11111111ὶ 11 (11111111131011111111 es 1111111111 ,1111111111

-11111 11111111 ἐ1111111 1111111111οῶ 11111 1111119 1111111110ι

..-.- ———-

1151111111) ’1 1 1 1111111111 11 111111111111111111111
11111111 111 pun 1111111) 111 1111111111 11 1111111111] 11111111 11
ἲ-1111111111111111111111) 11111111 111-*1111111111111111111
-11111111111111111 111111111111111 1111111 1111111 11111 ί1111
3111 111111111111 111111111111111111111111111111111111111111
-111111111111111111 11111111111111111111 seuam 1111 1111111111]
1111111111111111111 1111 (111111 pun ‘aequum 11 1111111111
1111111111 1111111111 111111] 11 11111118 1111111111 pun ι1111111111
-111111111111111111 1111111111111 1111111111111111111 11111111 11111
1131111111 111 11111 11111 1111111 111111 11111111 1111 1111111111·
111 11111111 1111 11 1111 1111111111 111111111111111111 111
11111119 Ἡ 1 1611 111111) 1111111 11 1111 111111 1141119
Ἡ1111111111111 1111111111 11111 11111111111111· 11111
, 11111· 1111111111 1 mol 1111111111 ι111111111111111111111
11 11 11111111 11111111 11111 *1111111111 111 11 11111 11111111
111191111111111111111 111 11111 1111 11911111 1111111 1111
11 1111 1111111 1111111111·Ι 11 1111111111 1111 111 1111111111
11 111111111111 11 1111111111 111111 111111 11111111 111 11
1111111611 ’111 '65 1111 1111111 11111 11111 11111111 1 111111
111111111111111111111 1111 1 11111 1111111111 111111
1119111111· 1111 1111111111 11111111111111 111111 111111
111111 1111111 1 111111 11 1 ι11111111111111 1111 1111111111
111111 11111 11110 Ή 1 1111111111 11111111 111111 11111
‘'06L1 111 1111111111 1111111 11111111 1111111111 111 1 11
11111111111 1111111111 1111 111111111119 1111111111 1111111111
, -11111111111111-1111119 1111111111]1 eng) 3931 111 ι1111111111
1 111111 11111 1111 11111111 11 111111 3111111111 11119111
-111111046111111111111 1111111111 11111 111111 — 1111111111
11111 11111111111111 1111111 111111 111111 1111111 A

· ’11111 11111111 11 -1111111

11111111 1111 11111 11 111111 11111111 11111 1111 11 11111
’1111111111111111111 1111111111 1 1111111 1 ι111111 111 1111111
, 1111 1111111 [111 11111111-,,·1111111 11111111Ι 11111111 11111

18

 

